%YAML:1.0
---
model_type: PINHOLE
camera_name: camera
image_width: 640
image_height: 480
distortion_parameters:
   k1: 0.0
   k2: 0.0
   p1: 0.0
   p2: 0.0
projection_parameters:
   fx: 389.9342346191406
   fy: 389.9342346191406
   cx: 321.290771484375
   cy: 239.03565979003906
