image_width: 1280
image_height: 720
camera_name: left
camera_matrix:
  rows: 3
  cols: 3
  data:
  - 850.0621532465041
  - 0.0
  - 695.5856185391762
  - 0.0
  - 849.0310643105123
  - 342.7149565236093
  - 0.0
  - 0.0
  - 1.0
distortion_model: plumb_bob
distortion_coefficients:
  rows: 1
  cols: 5
  data:
  - 0.04792985259456821
  - -0.10994747291046414
  - -0.003891880075759271
  - 0.0013076292285452082
  - 0.0
rectification_matrix:
  rows: 3
  cols: 3
  data:
  - 0.9992468369143029
  - 0.0023720623643366636
  - 0.0387315405954918
  - -0.0008912485782217383
  - 0.9992695114370679
  - -0.03820535549233355
  - -0.03879387313394151
  - 0.038142061198412715
  - 0.9985190126256005
projection_matrix:
  rows: 3
  cols: 4
  data:
  - 959.5780592056311
  - 0.0
  - 643.5929946899414
  - 0.0
  - 0.0
  - 959.5780592056311
  - 339.9068298339844
  - 0.0
  - 0.0
  - 0.0
  - 1.0
  - 0.0