image_width: 640
image_height: 400
camera_name: left
camera_matrix:
  rows: 3
  cols: 3
  data:
  - 425.15104507345256
  - 0.0
  - 345.8498882720062
  - 0.0
  - 423.95324283344786
  - 192.38144275949747
  - 0.0
  - 0.0
  - 1.0
distortion_model: plumb_bob
distortion_coefficients:
  rows: 1
  cols: 5
  data:
  - 0.03348923360153752
  - -0.09139047589107362
  - -0.0028783135954485463
  - 5.640401651295125e-05
  - 0.0
rectification_matrix:
  rows: 3
  cols: 3
  data:
  - 0.9993047306657481
  - 0.0019666779717847638
  - 0.03723153833528828
  - -0.0005083457419408088
  - 0.9992336744956855
  - -0.03913828481752128
  - -0.03727997926050114
  - 0.03909214667431379
  - 0.9985399377164293
projection_matrix:
  rows: 3
  cols: 4
  data:
  - 474.56957021042615
  - 0.0
  - 319.0171089172363
  - 0.0
  - 0.0
  - 474.56957021042615
  - 191.44387245178223
  - 0.0
  - 0.0
  - 0.0
  - 1.0
  - 0.0
