image_width: 640
image_height: 400
camera_name: left
camera_matrix:
  rows: 3
  cols: 3
  data:
  - 422.0279131104321
  - 0.0
  - 350.05957025879866
  - 0.0
  - 421.26194158597553
  - 193.7494881922976
  - 0.0
  - 0.0
  - 1.0
distortion_model: plumb_bob
distortion_coefficients:
  rows: 1
  cols: 5
  data:
  - 0.02417728891705127
  - -0.06769145013361595
  - -0.002822180983278048
  - 0.0014327141815986216
  - 0.0
rectification_matrix:
  rows: 3
  cols: 3
  data:
  - 0.9996418553419957
  - -0.004885008548603669
  - -0.026311551453547966
  - 0.0044719943141539485
  - 0.9998662264081336
  - -0.015733103801003977
  - 0.026384888009366416
  - 0.015609803965426982
  - 0.9995299753908805
projection_matrix:
  rows: 3
  cols: 4
  data:
  - 440.72385167429417
  - 0.0
  - 356.1052131652832
  - 0.0
  - 0.0
  - 440.72385167429417
  - 193.02454376220703
  - 0.0
  - 0.0
  - 0.0
  - 1.0
  - 0.0