image_width: 640
image_height: 480
camera_name: camera_left_frame
camera_matrix:
  rows: 3
  cols: 3
  data:
  - 527.0941531739503
  - 0.0
  - 356.00037606341164
  - 0.0
  - 525.7029208725471
  - 229.10299641097387
  - 0.0
  - 0.0
  - 1.0
distortion_model: plumb_bob
distortion_coefficients:
  rows: 1
  cols: 5
  data:
  - 0.048191839048652776
  - -0.13293445915988056
  - -0.0038348025159169637
  - 0.0008751093442267663
  - 0.0
rectification_matrix:
  rows: 3
  cols: 3
  data:
  - 0.9995754625271276
  - -0.005970197117161175
  - -0.028517564062537696
  - 0.005507378342426666
  - 0.9998522990795738
  - -0.016280319686165126
  - 0.028610548709734156
  - 0.01611635106569122
  - 0.9994607044455802
projection_matrix:
  rows: 3
  cols: 4
  data:
  - 559.8413095780621
  - 0.0
  - 360.6383743286133
  - 0.0
  - 0.0
  - 559.8413095780621
  - 228.084867477417
  - 0.0
  - 0.0
  - 0.0
  - 1.0
  - 0.0
