image_width: 640
image_height: 480
camera_name: left
camera_matrix:
  rows: 3
  cols: 3
  data:
  - 529.3404914594875
  - 0.0
  - 357.3054311128325
  - 0.0
  - 528.4231584188067
  - 229.28121804017442
  - 0.0
  - 0.0
  - 1.0
distortion_model: plumb_bob
distortion_coefficients:
  rows: 1
  cols: 5
  data:
  - 0.053943118547020975
  - -0.14364540704232803
  - -0.004028232150040184
  - 0.002247256878701406
  - 0.0
rectification_matrix:
  rows: 3
  cols: 3
  data:
  - 0.9991542934694805
  - 0.000736675533433124
  - 0.04111149657531118
  - 0.0008841465959777169
  - 0.9992234061298639
  - -0.03939292991171966
  - -0.04110858944673488
  - 0.039395963643389625
  - 0.9983777050406867
projection_matrix:
  rows: 3
  cols: 4
  data:
  - 591.8469576156556
  - 0.0
  - 324.81357192993164
  - 0.0
  - 0.0
  - 591.8469576156556
  - 228.758882522583
  - 0.0
  - 0.0
  - 0.0
  - 1.0
  - 0.0