image_width: 640
image_height: 480
camera_name: left
camera_matrix:
  rows: 3
  cols: 3
  data:
  - 360.5344018354612
  - 0.0
  - 354.9278186582314
  - 0.0
  - 359.63665678479
  - 218.18336985299254
  - 0.0
  - 0.0
  - 1.0
distortion_model: equidistant
distortion_coefficients:
  rows: 1
  cols: 4
  data:
  - 0.04861349984471425
  - 0.06158474655498857
  - -0.10484697988816646
  - 0.035492820261732505
rectification_matrix:
  rows: 3
  cols: 3
  data:
  - 0.9992322321859441
  - -0.02489692589624986
  - 0.030250442006887916
  - 0.024971346378380454
  - 0.9996859934370125
  - -0.00208479876832558
  - -0.030189038089120882
  - 0.0028385923923856015
  - 0.9995401764674012
projection_matrix:
  rows: 3
  cols: 4
  data:
  - 314.03373868836536
  - 0.0
  - 329.3354336108548
  - 0.0
  - 0.0
  - 314.03373868836536
  - 236.9322986618604
  - 0.0
  - 0.0
  - 0.0
  - 1.0
  - 0.0
