image_width: 1280
image_height: 720
camera_name: right
camera_matrix:
  rows: 3
  cols: 3
  data:
  - 838.8113522272633
  - 0.0
  - 662.5301807699914
  - 0.0
  - 837.2615410108433
  - 348.81345513235675
  - 0.0
  - 0.0
  - 1.0
distortion_model: plumb_bob
distortion_coefficients:
  rows: 1
  cols: 5
  data:
  - 0.031872232623595134
  - -0.06628625491636399
  - -0.004181110009785987
  - 0.003040816468588213
  - 0.0
rectification_matrix:
  rows: 3
  cols: 3
  data:
  - 0.9994457458342133
  - 0.007201133410768865
  - 0.03250145860562674
  - -0.008436988089340364
  - 0.9992402550898839
  - 0.038049045190177926
  - -0.032202769537312916
  - -0.03830217076751893
  - 0.998747177892695
projection_matrix:
  rows: 3
  cols: 4
  data:
  - 959.5780592056311
  - 0.0
  - 643.5929946899414
  - -48.18432305567647
  - 0.0
  - 959.5780592056311
  - 339.9068298339844
  - 0.0
  - 0.0
  - 0.0
  - 1.0
  - 0.0