image_width: 640
image_height: 480
camera_name: camera_right_frame
camera_matrix:
  rows: 3
  cols: 3
  data:
  - 522.1065730717509
  - 0.0
  - 333.2230972282556
  - 0.0
  - 520.4360080014114
  - 232.53892916324835
  - 0.0
  - 0.0
  - 1.0
distortion_model: plumb_bob
distortion_coefficients:
  rows: 1
  cols: 5
  data:
  - 0.0387848095755301
  - -0.09731256638545344
  - -0.0035810632118711033
  - 0.0013540548873209638
  - 0.0
rectification_matrix:
  rows: 3
  cols: 3
  data:
  - 0.9999867053527709
  - 3.878825179103528e-05
  - -0.005156317792959889
  - 4.474974767375753e-05
  - 0.9998687704945705
  - 0.01619999343012764
  - 0.005156269501350265
  - -0.016200008800850044
  - 0.9998554758562269
projection_matrix:
  rows: 3
  cols: 4
  data:
  - 559.8413095780621
  - 0.0
  - 360.6383743286133
  - -27.913021360997327
  - 0.0
  - 559.8413095780621
  - 228.084867477417
  - 0.0
  - 0.0
  - 0.0
  - 1.0
  - 0.0
