image_width: 640
image_height: 480
camera_name: right
camera_matrix:
  rows: 3
  cols: 3
  data:
  - 522.6779224068625
  - 0.0
  - 336.6382366759772
  - 0.0
  - 521.3884843107885
  - 234.24917791540906
  - 0.0
  - 0.0
  - 1.0
distortion_model: plumb_bob
distortion_coefficients:
  rows: 1
  cols: 5
  data:
  - 0.03501952047622999
  - -0.08697378583033655
  - -0.003930020057977493
  - 0.00375479383489024
  - 0.0
rectification_matrix:
  rows: 3
  cols: 3
  data:
  - 0.9993708838036796
  - 0.006383046576709917
  - 0.03488686460334035
  - -0.007752943678368437
  - 0.9991984130045515
  - 0.03927369747688221
  - -0.03460821390612778
  - -0.03951946565409468
  - 0.9986192885001983
projection_matrix:
  rows: 3
  cols: 4
  data:
  - 591.8469576156556
  - 0.0
  - 324.81357192993164
  - -29.760951810734696
  - 0.0
  - 591.8469576156556
  - 228.758882522583
  - 0.0
  - 0.0
  - 0.0
  - 1.0
  - 0.0