image_width: 640
image_height: 480
camera_name: right
camera_matrix:
  rows: 3
  cols: 3
  data:
  - 360.2933689816742
  - 0.0
  - 308.5248443363815
  - 0.0
  - 358.71385896096126
  - 256.27250501090697
  - 0.0
  - 0.0
  - 1.0
distortion_model: equidistant
distortion_coefficients:
  rows: 1
  cols: 4
  data:
  - 0.0521131056420278
  - 0.053723019069685476
  - -0.07018962018346515
  - 0.009287572724957862
rectification_matrix:
  rows: 3
  cols: 3
  data:
  - 0.9999311518974532
  - -0.011713341789216115
  - 0.0006993490983659128
  - 0.011711584338443147
  - 0.9999283754985046
  - 0.0024663059836998653
  - -0.0007281876927792367
  - -0.0024579456972650435
  - 0.9999967141174182
projection_matrix:
  rows: 3
  cols: 4
  data:
  - 314.03373868836536
  - 0.0
  - 329.3354336108548
  - -15.526940142512196
  - 0.0
  - 314.03373868836536
  - 236.9322986618604
  - 0.0
  - 0.0
  - 0.0
  - 1.0
  - 0.0
