image_width: 640
image_height: 400
camera_name: right
camera_matrix:
  rows: 3
  cols: 3
  data:
  - 418.5199287061255
  - 0.0
  - 330.3506254883004
  - 0.0
  - 417.1493453810506
  - 195.80935672748853
  - 0.0
  - 0.0
  - 1.0
distortion_model: plumb_bob
distortion_coefficients:
  rows: 1
  cols: 5
  data:
  - 0.025440046787188246
  - -0.06613770642141249
  - -0.0032043980489995776
  - 0.001164758318933005
  - 0.0
rectification_matrix:
  rows: 3
  cols: 3
  data:
  - 0.9994427558914479
  - 0.00563171632367276
  - 0.03290078216938581
  - -0.006914728017986163
  - 0.9992147510921933
  - 0.03901368652413837
  - -0.03265523285087667
  - -0.039219446337450205
  - 0.9986968863456213
projection_matrix:
  rows: 3
  cols: 4
  data:
  - 474.56957021042615
  - 0.0
  - 319.0171089172363
  - -23.819149340124724
  - 0.0
  - 474.56957021042615
  - 191.44387245178223
  - 0.0
  - 0.0
  - 0.0
  - 1.0
  - 0.0
