image_width: 640
image_height: 400
camera_name: right
camera_matrix:
  rows: 3
  cols: 3
  data:
  - 417.77411839888975
  - 0.0
  - 331.3689287041774
  - 0.0
  - 416.67035471349396
  - 196.28985873560444
  - 0.0
  - 0.0
  - 1.0
distortion_model: plumb_bob
distortion_coefficients:
  rows: 1
  cols: 5
  data:
  - 0.01827874994448219
  - -0.047484845362274895
  - -0.0027609619432870983
  - 0.0015542486572845632
  - 0.0
rectification_matrix:
  rows: 3
  cols: 3
  data:
  - 0.9999878689343759
  - 0.0006660156484689901
  - -0.004880410560756398
  - -0.0005894436330772529
  - 0.9998769761929626
  - 0.01567434322137093
  - 0.00489024951193421
  - -0.015671276347952852
  - 0.9998652391984317
projection_matrix:
  rows: 3
  cols: 4
  data:
  - 440.72385167429417
  - 0.0
  - 356.1052131652832
  - -21.968164971459196
  - 0.0
  - 440.72385167429417
  - 193.02454376220703
  - 0.0
  - 0.0
  - 0.0
  - 1.0
  - 0.0