image_width: 640
image_height: 480
camera_name: camera_infra2_kalibr
camera_matrix:
  rows: 3
  cols: 3
  data: [389.28057790812744, 0.0, 318.30370674739504,
         0.0, 388.8132708887034, 239.20233183774994,
         0.0, 0.0, 1.0]
distortion_model: plumb_bob
distortion_coefficients:
  rows: 1
  cols: 5
  data: [-0.00403646058955689, -0.005374940054244915,
         0.0005182253995485249, -0.003562530458349602, 0.0]
rectification_matrix:
  rows: 3
  cols: 3
  data: [1.0, 0.0, 0.0,
         0.0, 1.0, 0.0,
         0.0, 0.0, 1.0]
projection_matrix:
  rows: 3
  cols: 4
  data: [389.28057790812744, 0.0, 318.30370674739504, -19.452999453366537,
         0.0, 388.8132708887034, 239.20233183774994, 0.0,
         0.0, 0.0, 1.0, 0.0]
