image_width: 640
image_height: 480
camera_name: camera_infra1_kalibr
camera_matrix:
  rows: 3
  cols: 3
  data: [388.6487448035614, 0.0, 317.82965356962404,
         0.0, 388.04613759512216, 239.10299520713502,
         0.0, 0.0, 1.0]
distortion_model: plumb_bob
distortion_coefficients:
  rows: 1
  cols: 5
  data: [-0.004107137464488986, -0.004793639623635783,
         0.000541817521071694, -0.002955846414690201, 0.0]
rectification_matrix:
  rows: 3
  cols: 3
  data: [1.0, 0.0, 0.0,
         0.0, 1.0, 0.0,
         0.0, 0.0, 1.0]
projection_matrix:
  rows: 3
  cols: 4
  data: [388.6487448035614, 0.0, 317.82965356962404, 0.0,
         0.0, 388.04613759512216, 239.10299520713502, 0.0,
         0.0, 0.0, 1.0, 0.0]
